Date,Type,Description,Amount,Balance,Tags
09 Dec 24,Debit,UPI/Md Sahil S,9000.0,56937.17,p2p_transfer
09 Dec 24,Debit,UPI/MD SAKIR,200.0,65937.17,p2p_transfer
09 Dec 24,Debit,UPI/SALAUDDIN,2000.0,66137.17,p2p_transfer
09 Dec 24,Debit,UPI/PARESH P R,1150.0,68137.17,p2p_transfer
10 Dec 24,Debit,UPI/PIYARUL HA,10000.0,40141.17,p2p_transfer
10 Dec 24,Debit,UPI/AMRUTA HIT,50.0,50141.17,p2p_transfer
10 Dec 24,Debit,UPI/MD SELIM M,2940.0,50191.17,p2p_transfer
10 Dec 24,Debit,UPI/Mr ASIF MO,1778.0,53131.17,p2p_transfer
10 Dec 24,Debit,UPI/Mr ASIF MO,18.0,54909.17,p2p_transfer
10 Dec 24,Debit,UPI/Mrs MANJU,500.0,54927.17,p2p_transfer
10 Dec 24,Debit,UPI/EKART,510.0,55427.17,online_shopping
10 Dec 24,Debit,UPI/SMARTSHIFT,1000.0,55937.17,external_transfer
09 Dec 24,Debit,UPI/Bank Accou,1300.0,69287.17,miscellaneous_expense
09 Dec 24,Debit,UPI/MD SHAHNAW,48000.0,70587.17,miscellaneous_expense
08 Dec 24,Debit,UPI/Wyasim Raj,2000.0,118587.17,miscellaneous_expense
08 Dec 24,Debit,UPI/EKART,309.0,120587.17,online_shopping
08 Dec 24,Debit,UPI/Mr MITHUN,9000.0,120896.17,miscellaneous_expense
08 Dec 24,Debit,UPI/Nayan Sk,9000.0,129896.17,miscellaneous_expense
08 Dec 24,Debit,UPI/VIJAY NANJ,45.0,138896.17,miscellaneous_expense
08 Dec 24,Debit,UPI/ANISUR SK,4000.0,138941.17,miscellaneous_expense
08 Dec 24,Debit,UPI/ABDULRAHIM,7650.0,142941.17,miscellaneous_expense
08 Dec 24,Debit,UPI/STAR HARDW,1.0,150591.17,miscellaneous_expense
08 Dec 24,Debit,UPI/Flipkart I,2199.0,150592.17,online_shopping
06 Dec 24,Debit,UPI/Nayan Sk,3000.0,152791.17,miscellaneous_expense
06 Dec 24,Debit,UPI/Flipkart,451.0,155791.17,shopping
05 Dec 24,Debit,UPI/Mr MITHUN,6000.0,156242.17,miscellaneous_expense
05 Dec 24,Debit,UPI/ADARSH SER,967.26,162242.17,fuel
05 Dec 24,Debit,UPI/JAIN GENER,490.0,163209.43,miscellaneous_expense
04 Dec 24,Debit,UPI/SAI PRASAD,1200.0,163699.43,miscellaneous_expense
04 Dec 24,Debit,UPI/MR RAMJAN,11000.0,164899.43,miscellaneous_expense
04 Dec 24,Credit,NEFT/MILAN ROAD BUILDTECH LLP,36000.0,175899.43,business_income
03 Dec 24,Debit,UPI/JAGARAM PA,300.0,139899.43,miscellaneous_expense
03 Dec 24,Debit,UPI/SMARTSHIFT,104.0,140199.43,miscellaneous_expense
03 Dec 24,Debit,UPI/AMAZON SEL,502.0,140303.43,online_shopping
03 Dec 24,Debit,UPI/Mr OHIDUL,17570.0,140805.43,miscellaneous_expense
03 Dec 24,Credit,UPI/IRCTC,720.0,158375.43,refund_reversal
02 Dec 24,Debit,UPI/Haidul Sk,50000.0,157655.43,miscellaneous_expense
02 Dec 24,Debit,UPI/PARIMAL MO,8000.0,207655.43,p2p_transfer
01 Dec 24,Debit,UPI/ARIF USMAN,460.0,215655.43,p2p_transfer
01 Dec 24,Debit,UPI/RUBEL SK,6000.0,216115.43,p2p_transfer
01 Dec 24,Debit,UPI/HAIDUL SK,50000.0,222115.43,p2p_transfer
30 Nov 24,Debit,UPI/SALAUDDIN,10000.0,272115.43,p2p_transfer
30 Nov 24,Debit,UPI/MOHD ARSHA,2000.0,282115.43,p2p_transfer
30 Nov 24,Debit,UPI/PARMAR RAH,20000.0,284115.43,p2p_transfer
30 Nov 24,Credit,RTGS HDFC BANK MILAN ROAD BUILDTECH LLP,250000.0,304115.43,external_transfer
30 Nov 24,Debit,UPI/BANK ACCOU,5000.0,54115.43,p2p_transfer
30 Nov 24,Debit,UPI/ABU TAHER,50000.0,59115.43,p2p_transfer
30 Nov 24,Debit,UPI/URMILA BIB,6000.0,109115.43,p2p_transfer
30 Nov 24,Debit,UPI/EKART,1114.0,115115.43,online_shopping
30 Nov 24,Debit,UPI/EKART,281.0,116229.43,shopping
29 Nov 24,Debit,UPI/Chandan Sw,190.0,116510.43,miscellaneous_expense
29 Nov 24,Debit,UPI/Mr ALAMGIR,90000.0,116700.43,miscellaneous_expense
29 Nov 24,Debit,UPI/TANISHA HI,140.0,206700.43,miscellaneous_expense
29 Nov 24,Debit,UPI/TANISHA HI,300.0,206840.43,miscellaneous_expense
29 Nov 24,Debit,UPI/Mr MANISH,330.0,207140.43,miscellaneous_expense
29 Nov 24,Debit,UPI/OYASEF ALI,2000.0,207470.43,miscellaneous_expense
27 Nov 24,Credit,CHQ DEP - ICICI BANK LIMITED,200000.0,209470.43,cheque_deposit
26 Nov 24,Debit,UPI/JIYAUR RA,1600.0,9470.43,miscellaneous_expense
26 Nov 24,Debit,UPI/Bhaskar Sh,28.0,11070.43,miscellaneous_expense
26 Nov 24,Debit,UPI/MANIKA BIB,2000.0,11098.43,miscellaneous_expense
26 Nov 24,Debit,UPI/Jio,800.8,13098.43,miscellaneous_expense
25 Nov 24,Debit,UPI/Bhaskar Sh,40.0,13899.23,miscellaneous_expense
